6.064062500000000000e+01
1.309531250000000000e+02
6.064062500000000000e+01
1.470781250000000000e+02
6.270312500000000000e+01
1.645468750000000000e+02
6.579687500000000000e+01
1.833593750000000000e+02
7.301562500000000000e+01
1.994843750000000000e+02
8.435937500000000000e+01
2.102343750000000000e+02
9.673437500000000000e+01
2.169531250000000000e+02
1.101406250000000000e+02
2.182968750000000000e+02
1.245781250000000000e+02
2.196406250000000000e+02
1.390156250000000000e+02
2.196406250000000000e+02
1.524218750000000000e+02
2.182968750000000000e+02
1.647968750000000000e+02
2.129218750000000000e+02
1.751093750000000000e+02
2.021718750000000000e+02
1.812968750000000000e+02
1.873906250000000000e+02
1.843906250000000000e+02
1.699218750000000000e+02
1.843906250000000000e+02
1.524531250000000000e+02
1.843906250000000000e+02
1.296093750000000000e+02
7.301562500000000000e+01
1.081093750000000000e+02
8.229687500000000000e+01
1.007187500000000000e+02
9.364062500000000000e+01
9.803125000000000000e+01
1.044687500000000000e+02
9.803125000000000000e+01
1.152968750000000000e+02
1.007187500000000000e+02
1.421093750000000000e+02
1.007187500000000000e+02
1.524218750000000000e+02
9.803125000000000000e+01
1.622187500000000000e+02
9.803125000000000000e+01
1.720156250000000000e+02
1.013906250000000000e+02
1.792343750000000000e+02
1.094531250000000000e+02
1.297343750000000000e+02
1.188593750000000000e+02
1.287031250000000000e+02
1.269218750000000000e+02
1.276718750000000000e+02
1.363281250000000000e+02
1.276718750000000000e+02
1.443906250000000000e+02
1.142656250000000000e+02
1.578281250000000000e+02
1.204531250000000000e+02
1.578281250000000000e+02
1.276718750000000000e+02
1.591718750000000000e+02
1.338593750000000000e+02
1.591718750000000000e+02
1.410781250000000000e+02
1.591718750000000000e+02
8.435937500000000000e+01
1.215468750000000000e+02
8.951562500000000000e+01
1.175156250000000000e+02
1.029218750000000000e+02
1.175156250000000000e+02
1.091093750000000000e+02
1.215468750000000000e+02
1.029218750000000000e+02
1.242343750000000000e+02
9.054687500000000000e+01
1.242343750000000000e+02
1.462343750000000000e+02
1.228906250000000000e+02
1.524218750000000000e+02
1.188593750000000000e+02
1.658281250000000000e+02
1.202031250000000000e+02
1.709843750000000000e+02
1.242343750000000000e+02
1.647968750000000000e+02
1.269218750000000000e+02
1.534531250000000000e+02
1.255781250000000000e+02
9.982812500000000000e+01
1.820156250000000000e+02
1.101406250000000000e+02
1.726093750000000000e+02
1.235468750000000000e+02
1.685781250000000000e+02
1.276718750000000000e+02
1.685781250000000000e+02
1.317968750000000000e+02
1.685781250000000000e+02
1.431406250000000000e+02
1.739531250000000000e+02
1.524218750000000000e+02
1.833593750000000000e+02
1.452031250000000000e+02
1.900781250000000000e+02
1.359218750000000000e+02
1.927656250000000000e+02
1.256093750000000000e+02
1.927656250000000000e+02
1.163281250000000000e+02
1.927656250000000000e+02
1.080781250000000000e+02
1.887343750000000000e+02
1.018906250000000000e+02
1.820156250000000000e+02
1.142656250000000000e+02
1.752968750000000000e+02
1.276718750000000000e+02
1.739531250000000000e+02
1.400468750000000000e+02
1.766406250000000000e+02
1.513906250000000000e+02
1.833593750000000000e+02
1.390156250000000000e+02
1.847031250000000000e+02
1.266406250000000000e+02
1.847031250000000000e+02
1.132343750000000000e+02
1.847031250000000000e+02
